5.000000000000000104e-03
7.499999999999999722e-03
9.999999999999998473e-03
1.249999999999999896e-02
1.499999999999999944e-02
1.749999999999999820e-02
1.999999999999999695e-02
2.249999999999999917e-02
2.499999999999999792e-02
2.749999999999999667e-02
2.999999999999999542e-02
3.249999999999999417e-02
3.499999999999999639e-02
3.749999999999999167e-02
3.999999999999999389e-02
4.249999999999998918e-02
4.499999999999999140e-02
4.749999999999999362e-02
4.999999999999998890e-02
5.249999999999999112e-02
5.499999999999998640e-02
5.749999999999998862e-02
5.999999999999999084e-02
6.249999999999998612e-02
6.499999999999998834e-02
6.749999999999999056e-02
6.999999999999999278e-02
7.249999999999999500e-02
7.499999999999999722e-02
7.749999999999999944e-02
7.999999999999998779e-02
8.249999999999999001e-02
8.499999999999999223e-02
8.749999999999999445e-02
8.999999999999999667e-02
9.249999999999998501e-02
9.499999999999998723e-02
9.749999999999998945e-02
9.999999999999999167e-02
1.024999999999999939e-01
1.049999999999999822e-01
1.074999999999999845e-01
1.099999999999999867e-01
1.124999999999999889e-01
1.149999999999999911e-01
1.174999999999999933e-01
1.199999999999999817e-01
1.224999999999999839e-01
1.249999999999999861e-01
1.274999999999999745e-01
1.299999999999999767e-01
1.324999999999999789e-01
1.349999999999999811e-01
1.374999999999999833e-01
1.399999999999999856e-01
1.424999999999999878e-01
1.449999999999999900e-01
1.474999999999999922e-01
1.499999999999999944e-01
1.524999999999999689e-01
1.549999999999999711e-01
1.574999999999999734e-01
1.599999999999999756e-01
1.624999999999999778e-01
1.649999999999999800e-01
1.674999999999999822e-01
1.699999999999999845e-01
1.724999999999999867e-01
1.749999999999999889e-01
1.774999999999999911e-01
1.799999999999999656e-01
1.824999999999999678e-01
1.849999999999999700e-01
1.874999999999999722e-01
1.899999999999999745e-01
1.924999999999999767e-01
1.949999999999999789e-01
1.974999999999999811e-01
1.999999999999999833e-01
2.024999999999999856e-01
2.049999999999999600e-01
2.074999999999999623e-01
2.099999999999999645e-01
2.124999999999999667e-01
2.149999999999999689e-01
2.174999999999999711e-01
2.199999999999999734e-01
2.224999999999999756e-01
2.249999999999999778e-01
2.274999999999999800e-01
2.299999999999999822e-01
2.324999999999999567e-01
2.349999999999999589e-01
2.374999999999999611e-01
2.399999999999999634e-01
2.424999999999999656e-01
2.449999999999999678e-01
2.474999999999999700e-01
2.499999999999999722e-01
2.524999999999999467e-01
2.549999999999999489e-01
2.574999999999999512e-01
2.599999999999999534e-01
2.624999999999999556e-01
2.649999999999999578e-01
2.674999999999999600e-01
2.699999999999999623e-01
2.724999999999999645e-01
2.749999999999999667e-01
2.774999999999999689e-01
2.799999999999999711e-01
2.824999999999999734e-01
2.849999999999999756e-01
2.874999999999999778e-01
2.899999999999999800e-01
2.924999999999999822e-01
2.949999999999999845e-01
2.974999999999999867e-01
2.999999999999999334e-01
